F1: 0.733279775055232 at threshold 4.986127338409424
AUC: 0.76422809375
ACC: 0.694125
