model_f3_c64_c128_d4096_o256
F1: 0.6666666666666666
AUC: 0.5150914375
ACC: 0.51725

model_f7_c64_c128_d4096_o256
F1: 0.718986347117179
AUC: 0.7288603124999999
ACC: 0.6685

model_f11_c64_c128_d4096_o256
F1: 0.6666666666666666
AUC: 0.51855653125
ACC: 0.517125

model_c64_c128_d4096_o256
F1: 0.7322127074743631
AUC: 0.7659657499999999
ACC: 0.703625

