F1: 0.7257710402509148 at threshold 4.657786846160889
AUC: 0.7612823124999999
ACC: 0.701625
