F1: 0.6748423265592152 at threshold 6.457308680534363
AUC: 0.59043615625
ACC: 0.564
