F1: 0.7386140658886708 at threshold 4.441614790916443
AUC: 0.7673758125000001
ACC: 0.700875
