F1: 0.7534776696998222 at threshold 4.415397108078003
AUC: 0.79418215625
ACC: 0.726125
