F1: 0.717815344603381 at threshold 4.936258237838745
AUC: 0.73254
ACC: 0.675875
