F1: 0.666889007470651 at threshold 0.44017308551073075
AUC: 0.5239616749999999
ACC: 0.5224
