F1: 0.7778785131459656 at threshold 4.4279282441139225
AUC: 0.808292031288147
ACC: 0.759
