F1: 0.7400899935718878 at threshold 4.484287829399109
AUC: 0.7702411875
ACC: 0.7035
