F1: 0.7398879900435594 at threshold 4.6942311925888065
AUC: 0.7719375937499999
ACC: 0.707
