F1: 0.7152038561960233 at threshold 4.801273535251617
AUC: 0.7265122187499999
ACC: 0.66775
