F1: 0.7302590018951358 at threshold 4.388261103630066
AUC: 0.7528084687499998
ACC: 0.69
