F1: 0.7408121718632809 at threshold 4.517610008239746
AUC: 0.7767892187500001
ACC: 0.713
TPR: 0.86425
FPR: 0.469
