F1: 0.6666666666666666 at threshold 2.033093214035034
AUC: 0.49641925000000003
ACC: 0.505625
