model_c64_c128_d2048_o128
F1: 0.7176470588235294
AUC: 0.7306129375
ACC: 0.67175

model_c64_c128_d4096_o128
F1: 0.739282769991756
AUC: 0.777500125
ACC: 0.7085

model_c64_c128_d4096_o256
F1: 0.7348249430287963
AUC: 0.7641521874999999
ACC: 0.69675

model_c64_c128_d4096_o512
F1: 0.7235294117647059
AUC: 0.76412278125
ACC: 0.69625

