F1: 0.6667222407469157 at threshold 6.913702610969543
AUC: 0.51848396875
ACC: 0.5175
