F1: 0.6666666666666666 at threshold 7.678080659866334
AUC: 0.51225328125
ACC: 0.520875
